01.  210
02.  1564
03.  0
04.  114
05.  9
06.  4
07.  456
08.  12
09.  725
10.  78
11.  3600
12.  131
13.  1127
14.  2244
15.  88
16.  47
17.  936
18.  70
19.  86
20.  36
21.  6083
22.  17
23.  396
24.  1
25.  36
26.  988
27.  1400
28.  22
29.  2211
30.  0
31.  2
32.  1300
33.  64
34.  248
35.  112
36.  9
37.  38
38.  97
39.  1752
40.  14
41.  715/2208
42.  1330/1037
43.  55/244
44.  23/58
45.  300/767
46.  13/96
47.  408/161
48.  2133/1288
49.  93/850
50.  1207/512
51.  63/620
52.  225/868
53.  836/2765
54.  2756/2021
55.  585/28
56.  228/13
57.  35/391
58.  102/73
59.  95/444
60.  770/57
61.  10/7
62.  65/196
63.  51/196
64.  21/44
65.  1025/8
66.  544/5
67.  2345/1908
68.  2714/2233
69.  1189/112
70.  300/1037
71.  147/58
72.  451/1302
73.  1650/1817
74.  95/126
75.  125/52
76.  41/17
77.  142/23
78.  51/38
79.  2088/25
80.  119/2400
